study_year <- "2024 / 2025"

groupagreement_due <- "March 14th 2025"

stage1_due <- "April 23rd 2025"

stage1_words <- 1500

stage2_due <- "June 11th 2025"

stage2_words <- 1500

MCQ_due <- "November 13th 2024"

dataskills1_due <- "December 4th 2024"

dataskills2_due <- "January 22nd 2025"
